[gd_scene load_steps=14 format=3 uid="uid://8a7ayxn2233g"]

[ext_resource type="PackedScene" uid="uid://dbinx0r15yqi3" path="res://assets/character.tscn" id="1_vekim"]
[ext_resource type="Script" path="res://scripts/character.gd" id="2_nve71"]

[sub_resource type="BoxShape3D" id="BoxShape3D_r3jnp"]

[sub_resource type="BoxMesh" id="BoxMesh_p55k1"]

[sub_resource type="StandardMaterial3D" id="StandardMaterial3D_3aeq0"]

[sub_resource type="BoxShape3D" id="BoxShape3D_esn7w"]
size = Vector3(50, 2, 50)

[sub_resource type="StandardMaterial3D" id="StandardMaterial3D_w7cbf"]
albedo_color = Color(0.0705882, 0.00784314, 0.164706, 1)

[sub_resource type="BoxMesh" id="BoxMesh_wtg8l"]
material = SubResource("StandardMaterial3D_w7cbf")
size = Vector3(50, 2, 50)

[sub_resource type="BoxShape3D" id="BoxShape3D_rblmp"]
size = Vector3(6, 4, 5)

[sub_resource type="StandardMaterial3D" id="StandardMaterial3D_cggud"]
albedo_color = Color(0.160784, 0.231373, 0.541176, 1)

[sub_resource type="BoxMesh" id="BoxMesh_t3r5t"]
material = SubResource("StandardMaterial3D_cggud")
size = Vector3(6, 4, 5)

[sub_resource type="BoxShape3D" id="BoxShape3D_7rns0"]

[sub_resource type="BoxMesh" id="BoxMesh_oyqk2"]

[node name="Source" type="Node3D"]

[node name="Box2" type="StaticBody3D" parent="."]
transform = Transform3D(1, 0, 0, 0, 1, 0, 0, 0, 1, -12.6541, 2.29744, -2.51232)

[node name="CollisionShape3D" type="CollisionShape3D" parent="Box2"]
transform = Transform3D(1, 2.98023e-08, 2.98023e-08, -1.49012e-08, 1, 5.96046e-08, 0, 2.98023e-08, 1, -0.148822, -6.00815e-05, 0.318319)
shape = SubResource("BoxShape3D_r3jnp")

[node name="MeshInstance3D" type="MeshInstance3D" parent="Box2"]
transform = Transform3D(1, 2.98023e-08, 5.96046e-08, -1.49012e-08, 1, 1.19209e-07, 0, 2.98023e-08, 1, -0.148822, -6.00815e-05, 0.318319)
mesh = SubResource("BoxMesh_p55k1")
surface_material_override/0 = SubResource("StandardMaterial3D_3aeq0")

[node name="Box4" type="StaticBody3D" parent="."]
transform = Transform3D(1, 0, 0, 0, 1, 0, 0, 0, 1, -0.391525, 0.479218, -5.89161)

[node name="CollisionShape3D" type="CollisionShape3D" parent="Box4"]
transform = Transform3D(1, 2.98023e-08, 2.98023e-08, -1.49012e-08, 1, 5.96046e-08, 0, 2.98023e-08, 1, -0.148822, -6.00815e-05, 0.318319)
shape = SubResource("BoxShape3D_r3jnp")

[node name="MeshInstance3D" type="MeshInstance3D" parent="Box4"]
transform = Transform3D(1, 2.98023e-08, 5.96046e-08, -1.49012e-08, 1, 1.19209e-07, 0, 2.98023e-08, 1, -0.148822, -6.00815e-05, 0.318319)
mesh = SubResource("BoxMesh_p55k1")
surface_material_override/0 = SubResource("StandardMaterial3D_3aeq0")

[node name="Box3" type="StaticBody3D" parent="."]
transform = Transform3D(1, 0, 0, 0, 1, 0, 0, 0, 1, -9.92662, 0.653009, -4.4234)

[node name="CollisionShape3D" type="CollisionShape3D" parent="Box3"]
transform = Transform3D(1, -2.98023e-08, -2.08616e-07, 7.45058e-08, 1, -2.98023e-08, -2.38419e-07, -7.45058e-08, 1, -0.263713, -0.162267, 0.166138)
shape = SubResource("BoxShape3D_r3jnp")

[node name="MeshInstance3D" type="MeshInstance3D" parent="Box3"]
transform = Transform3D(1, 0, -3.27826e-07, 1.19209e-07, 1, -8.9407e-08, -4.47035e-07, -1.49012e-07, 1, -0.263713, -0.162267, 0.166138)
mesh = SubResource("BoxMesh_p55k1")
surface_material_override/0 = SubResource("StandardMaterial3D_3aeq0")

[node name="Floor" type="StaticBody3D" parent="."]
transform = Transform3D(1, 0, 0, 0, 1, 0, 0, 0, 1, 0, -1, 0)

[node name="CollisionShape3D" type="CollisionShape3D" parent="Floor"]
shape = SubResource("BoxShape3D_esn7w")

[node name="MeshInstance3D" type="MeshInstance3D" parent="Floor"]
transform = Transform3D(1, 0, 0, 0, 1, 0, 0, 0, 1, 0.00700021, 0, 0.000440598)
mesh = SubResource("BoxMesh_wtg8l")

[node name="DirectionalLight3D" type="DirectionalLight3D" parent="."]
transform = Transform3D(0.961329, -0.266605, 0.069053, 0, 0.250735, 0.968056, -0.275402, -0.93062, 0.241039, -0.104687, 6.8494, 0.234001)
light_energy = 6.029

[node name="DirectionalLight3D2" type="DirectionalLight3D" parent="."]
transform = Transform3D(-0.718679, 0.510569, -0.472037, -0.658746, -0.282603, 0.697273, 0.222607, 0.812068, 0.539437, -10.1914, 7.08973, 4.04814)

[node name="DirectionalLight3D3" type="DirectionalLight3D" parent="."]
transform = Transform3D(-0.848478, 0.341518, 0.40429, 0.460494, 0.0999306, 0.88202, 0.260825, 0.934548, -0.242056, 8.21784, 6.8494, 0.234001)

[node name="Character" parent="." instance=ExtResource("1_vekim")]
transform = Transform3D(1, 0, 0, 0, 1, 0, 0, 0, 1, 3.48759, 1.2824, -3.67908)
script = ExtResource("2_nve71")

[node name="CameraBar" type="Node3D" parent="Character"]

[node name="Camera3D" type="Camera3D" parent="Character/CameraBar"]
transform = Transform3D(0.999997, 0.000753627, -0.00214005, 3.36157e-09, 0.943223, 0.332161, 0.00226887, -0.33216, 0.94322, 0, 3, 6)

[node name="RigidBody3D" type="StaticBody3D" parent="."]
transform = Transform3D(0.788655, 0, 0.614836, 0, 1, 0, -0.614836, 0, 0.788655, -13.4525, 1.20097, -5.38845)

[node name="CollisionShape3D" type="CollisionShape3D" parent="RigidBody3D"]
shape = SubResource("BoxShape3D_rblmp")

[node name="MeshInstance3D" type="MeshInstance3D" parent="RigidBody3D"]
transform = Transform3D(1, 0, 2.98023e-08, 0, 1, 0, -2.98023e-08, 0, 1, 0, 0, 0)
mesh = SubResource("BoxMesh_t3r5t")

[node name="Step" type="StaticBody3D" parent="."]
transform = Transform3D(1, 0, 0, 0, 1, 0, 0, 0, 1, -11.6751, 1.48574, -3.07025)

[node name="CollisionShape3D" type="CollisionShape3D" parent="Step"]
shape = SubResource("BoxShape3D_7rns0")

[node name="MeshInstance3D" type="MeshInstance3D" parent="Step"]
transform = Transform3D(1, 0, 0, 0, 1, 0, 0, 0, 1, 0, -0.0115097, 0)
mesh = SubResource("BoxMesh_oyqk2")
